1 
-7.03521e-09 
1 
-1.54016e-09 
1 
-9.95596e-10 
1 
2.51894e-09 
1 
8.11089e-09 
1 
3.45981e-09 
1 
-1.14737e-09 
1 
-1.02399e-09 
1 
-3.75791e-11 
1 
-3.22638e-09 
1 
2.74212e-09 
1 
2.70233e-09 
1 
-2.59518e-09 
1 
-3.9918e-09 
1 
9.36959e-10 
1 
2.23214e-09 
1 
2.10121e-09 
1 
2.48616e-09 
1 
4.13303e-10 
1 
7.26762e-11 
1 
4.72597e-10 
1 
5.19727e-09 
1 
3.50695e-09 
1 
2.98862e-09 
1 
2.74816e-09 
1 
-1.21224e-09 
1 
-3.1217e-09 
1 
-4.25577e-10 
1 
1.27536e-09 
1 
1.86971e-09 
1 
1.165e-09 
1 
3.01021e-09 
1 
-4.39385e-10 
1 
2.11908e-09 
1 
1.33805e-09 
1 
2.68212e-09 
1 
-9.39483e-10 
1 
5.89922e-11 
1 
-4.06871e-09 
1 
-7.64587e-09 
1 
7.74195e-10 
1 
-2.30803e-09 
1 
1.0071e-09 
1 
3.62133e-09 
1 
3.73637e-09 
1 
-1.18216e-10 
1 
-2.04059e-09 
1 
-4.27189e-10 
1 
-1.18712e-09 
1 
-4.56173e-09 
1 
-3.87761e-09 
1 
-2.57968e-09 
1 
-9.11007e-11 
1 
-5.0436e-10 
1 
-2.35915e-09 
1 
-2.1214e-09 
1 
-8.40204e-10 
1 
1.78517e-10 
1 
-1.96322e-09 
1 
-2.31516e-09 
1 
-3.24913e-09 
1 
-3.20126e-09 
1 
-2.50124e-09 
1 
-4.11436e-09 
1 
-5.18548e-09 
1 
-1.01979e-09 
1 
-1.44335e-09 
1 
-6.4029e-10 
1 
-3.03688e-09 
1 
-5.6992e-09 
1 
8.49106e-10 
1 
-1.59196e-09 
1 
4.22326e-10 
1 
-1.04588e-09 
1 
1.77858e-09 
1 
4.22499e-09 
1 
-1.43301e-09 
1 
-2.43886e-09 
1 
-1.70726e-09 
1 
6.91305e-10 
1 
1.32919e-09 
1 
2.32221e-09 
1 
4.2382e-10 
1 
-2.26311e-09 
1 
7.94427e-10 
1 
9.11336e-10 
1 
-2.69182e-09 
1 
-1.56197e-09 
1 
-2.98507e-09 
1 
-6.80379e-10 
1 
-2.47841e-09 
1 
2.29682e-09 
1 
-4.20138e-11 
1 
-1.78852e-09 
1 
6.22049e-10 
1 
3.17941e-09 
1 
3.79421e-09 
1 
-6.4082e-10 
1 
7.83882e-11 
1 
-2.11743e-09 
1 
-1.89533e-09 
1 
-2.53813e-09 
1 
2.22229e-09 
1 
2.13353e-09 
1 
-5.11665e-10 
1 
1.78536e-09 
1 
-1.74012e-10 
1 
-1.39757e-09 
1 
2.33747e-09 
1 
-2.9793e-09 
1 
-1.04964e-09 
1 
1.10277e-09 
1 
1.67041e-10 
1 
-2.88254e-09 
1 
-3.58012e-09 
1 
7.67993e-10 
1 
1.76918e-10 
1 
-1.28299e-10 
1 
-4.19173e-09 
1 
-3.60644e-09 
1 
-3.8653e-10 
1 
2.53194e-09 
1 
-9.45555e-10 
1 
-3.47348e-09 
1 
-3.87268e-09 
1 
-2.59163e-09 
1 
-1.75527e-09 
1 
2.78757e-09 
1 
1.73867e-09 
1 
-1.84534e-10 
1 
-2.01502e-09 
1 
-4.66773e-10 
1 
8.23433e-11 
1 
-3.89609e-10 
1 
-6.02286e-10 
1 
1.42781e-09 
1 
-4.65138e-10 
1 
9.05143e-10 
1 
1.32814e-09 
1 
2.01436e-10 
1 
1.26179e-10 
1 
-1.26538e-09 
1 
-2.98986e-09 
1 
-1.32867e-09 
1 
-1.30711e-09 
1 
-2.69734e-09 
1 
-3.84041e-10 
1 
2.61214e-09 
1 
3.38339e-10 
1 
2.07838e-10 
1 
-2.78067e-09 
1 
-7.84271e-10 
1 
-2.18964e-09 
1 
5.81127e-10 
1 
1.40861e-09 
1 
2.02348e-09 
1 
2.4304e-10 
1 
-1.6203e-09 
1 
-1.15117e-09 
1 
2.63589e-10 
1 
1.74806e-10 
1 
-1.19105e-09 
1 
-1.7624e-11 
1 
-2.74521e-10 
1 
1.46355e-10 
1 
-1.2486e-09 
1 
-1.19886e-09 
1 
5.63556e-10 
1 
-2.45769e-10 
1 
-7.1497e-10 
1 
-4.69106e-10 
1 
1.77228e-09 
1 
1.31266e-09 
1 
-3.79006e-10 
1 
1.79545e-09 
1 
4.72988e-10 
1 
-8.51092e-10 
1 
1.98642e-09 
1 
2.48515e-09 
1 
6.51334e-10 
1 
-4.96803e-10 
1 
-1.38707e-09 
1 
-8.50756e-10 
1 
-2.65528e-10 
1 
-4.18835e-10 
1 
-9.70299e-10 
1 
-7.29561e-10 
1 
2.40499e-11 
1 
4.61175e-11 
1 
-7.96144e-10 
1 
-3.73552e-10 
1 
1.49534e-09 
1 
3.18761e-10 
1 
-8.67051e-10 
1 
-8.91635e-10 
1 
-4.18069e-10 
1 
-4.64495e-11 
1 
1.34003e-09 
1 
5.31012e-10 
1 
1.10332e-09 
1 
8.58426e-10 
1 
-8.03776e-10 
1 
-7.49731e-10 
1 
-3.99957e-10 
1 
-7.06014e-10 
1 
7.57949e-10 
1 
-5.37581e-10 
1 
-7.00136e-10 
1 
-3.78983e-10 
1 
2.3767e-10 
1 
-5.41207e-11 
1 
-3.20589e-10 
1 
-1.059e-09 
1 
-4.6896e-11 
1 
9.20728e-10 
1 
-8.51119e-11 
1 
5.62307e-10 
1 
-1.3397e-10 
1 
-2.76398e-10 
1 
-2.98215e-11 
1 
-1.20658e-09 
1 
-7.60437e-10 
1 
-1.02089e-09 
1 
-3.66485e-10 
1 
-1.2499e-09 
1 
-9.38214e-10 
1 
-5.23053e-10 
1 
-1.10576e-09 
1 
-1.44106e-09 
1 
-2.81247e-10 
1 
4.16221e-10 
1 
-3.53819e-11 
1 
-8.04096e-10 
1 
-5.34945e-10 
1 
-8.1028e-10 
1 
-7.38853e-10 
1 
-2.36537e-10 
1 
7.90687e-10 
1 
-3.8362e-10 
1 
-9.51599e-11 
1 
3.11491e-10 
1 
2.52666e-10 
1 
-3.31267e-10 
1 
3.2309e-10 
1 
-1.28821e-09 
1 
-8.39259e-10 
1 
-1.59914e-10 
1 
3.80345e-10 
1 
-4.24643e-10 
1 
2.06641e-10 
1 
3.87335e-10 
1 
8.3827e-10 
1 
3.64199e-10 
1 
1.34959e-10 
1 
5.85197e-11 
1 
-1.73459e-11 
1 
1.0776e-09 
1 
3.29736e-10 
1 
-9.36017e-11 
1 
8.35257e-12 
1 
5.00198e-10 
1 
2.11015e-10 
1 
1.83029e-10 
1 
1.06498e-10 
1 
1.67584e-10 
1 
-3.65402e-10 
1 
-7.47291e-11 
1 
5.7701e-10 
1 
1.5719e-10 
1 
3.83392e-10 
1 
5.21935e-10 
1 
1.09953e-09 
1 
9.80108e-10 
1 
2.47904e-10 
1 
4.12398e-10 
1 
3.64004e-10 
1 
5.11654e-11 
1 
-1.24975e-10 
1 
-5.45395e-11 
1 
-2.95904e-11 
1 
2.92819e-11 
1 
-5.82308e-11 
1 
-3.20835e-10 
1 
-5.9528e-11 
1 
5.17017e-10 
1 
-5.61336e-10 
1 
1.07888e-10 
1 
-3.63697e-10 
1 
5.41296e-11 
1 
2.87821e-10 
1 
3.47494e-10 
1 
-1.34116e-10 
1 
-1.14274e-09 
1 
-5.40791e-10 
1 
-2.4178e-10 
1 
-2.84877e-10 
1 
-3.34081e-10 
1 
5.04584e-10 
1 
6.18584e-11 
1 
1.4991e-10 
1 
6.46745e-11 
1 
-2.16694e-11 
1 
-1.12078e-10 
1 
-1.3999e-10 
1 
-6.01761e-10 
1 
1.57784e-11 
1 
2.74859e-10 
1 
-1.88772e-10 
1 
-2.64026e-10 
1 
-3.73905e-10 
1 
-1.46482e-10 
1 
-3.4923e-10 
1 
5.86537e-11 
1 
3.27062e-10 
1 
1.42389e-10 
1 
3.2318e-10 
1 
2.60356e-10 
1 
3.05606e-10 
1 
-3.63742e-11 
1 
2.28596e-11 
1 
3.36757e-11 
1 
-2.44715e-10 
1 
-2.24696e-10 
1 
-2.78761e-10 
1 
-1.06523e-10 
1 
2.82524e-10 
1 
7.6315e-11 
1 
2.6063e-11 
1 
-1.40077e-11 
1 
-1.07335e-10 
1 
-2.50652e-10 
1 
-7.77166e-11 
1 
-2.53854e-10 
1 
9.28002e-11 
1 
-5.82755e-12 
1 
-1.43194e-10 
1 
-6.96425e-11 
1 
2.18747e-10 
1 
4.33892e-10 
1 
1.66376e-10 
1 
-5.9477e-11 
1 
3.82466e-11 
1 
-1.90828e-10 
1 
-1.44218e-10 
1 
-4.03461e-11 
1 
-1.09115e-10 
1 
-1.12267e-10 
1 
-7.8525e-12 
1 
2.12455e-10 
1 
2.69526e-10 
1 
1.09443e-10 
1 
8.52882e-11 
1 
-1.1933e-10 
1 
-1.25693e-10 
1 
-1.54567e-11 
1 
-1.83837e-11 
1 
-5.00337e-11 
1 
-1.10265e-10 
1 
-1.10603e-10 
1 
-8.97006e-11 
1 
1.116e-11 
1 
-3.13313e-11 
1 
-1.26794e-10 
1 
-8.31274e-11 
1 
2.00537e-10 
1 
8.76656e-11 
1 
3.67566e-11 
1 
1.60729e-10 
1 
-7.15075e-11 
1 
6.79274e-12 
1 
-3.89113e-11 
1 
1.27381e-10 
1 
5.81978e-11 
1 
6.92461e-11 
1 
-1.64566e-11 
1 
-5.88206e-11 
1 
-3.62747e-11 
1 
8.03979e-11 
1 
1.35218e-10 
1 
-6.4486e-11 
1 
-6.6355e-11 
1 
-1.63922e-11 
1 
-2.12366e-11 
1 
-1.58509e-10 
1 
4.45575e-11 
1 
1.00055e-11 
1 
-7.26494e-11 
1 
-9.96999e-12 
1 
1.81336e-11 
1 
1.41718e-10 
1 
5.23651e-11 
1 
5.14144e-11 
1 
9.34047e-11 
1 
7.00914e-11 
1 
-7.42331e-11 
1 
1.61992e-11 
1 
-5.57051e-12 
1 
7.73431e-11 
1 
8.64223e-11 
1 
1.50158e-11 
1 
-5.71117e-11 
1 
2.72109e-11 
1 
-4.92602e-11 
1 
-4.00101e-11 
1 
-4.97452e-11 
1 
1.00662e-10 
1 
3.87771e-13 
1 
-2.7171e-11 
1 
6.53067e-11 
1 
3.79266e-11 
1 
-9.22307e-11 
1 
-2.83864e-11 
1 
-7.66289e-11 
1 
-2.51604e-11 
1 
-5.46302e-11 
1 
-5.82728e-11 
1 
-5.64105e-11 
1 
-6.29281e-11 
1 
5.78873e-11 
1 
3.28737e-11 
1 
-1.21257e-10 
1 
-1.68065e-11 
1 
1.34359e-11 
1 
6.94316e-12 
1 
4.21867e-11 
1 
1.6663e-10 
1 
1.04179e-12 
1 
-1.87159e-10 
1 
1.38102e-10 
1 
1.4748e-10 
1 
-1.7813e-11 
1 
-4.68446e-11 
1 
-9.47553e-11 
1 
-2.30325e-11 
1 
3.34761e-11 
1 
1.7301e-11 
1 
-6.91425e-11 
1 
1.05357e-10 
1 
1.01669e-10 
1 
-7.50334e-11 
1 
-7.91016e-11 
1 
2.90537e-11 
1 
5.17446e-11 
1 
-4.24569e-11 
1 
-1.14776e-10 
1 
2.29895e-11 
1 
-4.20447e-11 
1 
-9.30995e-11 
1 
-5.57533e-11 
1 
-1.69247e-10 
1 
-2.57356e-11 
1 
4.00635e-11 
1 
-5.80388e-11 
1 
3.04887e-11 
1 
1.48353e-10 
1 
-4.28653e-11 
1 
-1.29751e-10 
1 
8.51702e-11 
1 
1.23021e-11 
1 
4.53845e-11 
1 
-1.26934e-12 
1 
-1.62898e-11 
1 
-1.71671e-12 
1 
1.25495e-11 
1 
2.35452e-11 
1 
1.87774e-10 
1 
1.15068e-11 
1 
-2.22508e-11 
1 
-9.30395e-11 
1 
9.18265e-11 
1 
-5.93506e-11 
1 
8.70264e-11 
1 
2.79281e-11 
1 
-1.53085e-11 
1 
1.89163e-11 
1 
-8.23549e-11 
1 
3.18428e-11 
1 
4.4944e-11 
1 
1.73589e-10 
1 
9.60007e-11 
1 
-1.62146e-10 
1 
2.39177e-11 
1 
-1.40363e-10 
1 
2.20582e-10 
1 
7.41375e-11 
1 
2.73206e-10 
1 
2.10009e-10 
1 
2.04902e-10 
1 
1.54102e-10 
1 
-7.01827e-11 
1 
-1.58033e-10 
1 
-1.26826e-10 
1 
-1.40472e-10 
1 
8.54479e-11 
1 
1.73567e-10 
1 
4.4287e-11 
1 
8.2033e-11 
1 
1.1975e-10 
1 
-1.19345e-10 
1 
-8.06472e-11 
